time,x,y,z,phi,theta,psi,x_velocity,y_velocity,z_velocity,phi_velocity,theta_velocity,psi_velocity,rotor_speed1,rotor_speed2,rotor_speed3,rotor_speed4
0.06,7.12225003425e-08,-7.29313045637e-08,10.0020971766,6.28289437128,6.2830572608,0.0,8.24534023142e-06,-1.42896257119e-05,0.0699035402298,-0.0169380562367,-0.00678642920498,0.0,426.40649494870564,425.82650511686666,429.08888783464204,427.6488836105816
0.12000000000000001,4.54631117135e-06,-1.08675317926e-05,10.0092826817,6.28181396535,6.28287009308,0.0,0.000170351027965,-0.000452331347886,0.16960292849,-0.0202345903365,0.00335740466069,0.0,436.037814501224,436.884317138928,437.3069315606536,437.03235811958643
0.18,1.90277069115e-05,-6.30970166892e-05,10.0177143766,6.28095965921,9.76676084132e-05,0.0,0.000287599297262,-0.0013682862002,0.111461721512,-0.00434946407646,0.0131330709378,0.0,382.89521821640017,383.823846731048,382.8659538688803,384.3741063392909
0.23999999999999996,3.07336418689e-05,-0.000192471285696,10.0275095217,6.28061083223,0.001304604183,0.0,-2.50608463381e-06,-0.00297524308674,0.21502844189,-0.0089163425997,0.0313225687057,0.0,437.0101875802985,438.5234629360463,438.52748352369287,438.14813127903585
0.3,-5.55917496691e-06,-0.000429698838136,10.0446774196,6.27986240766,0.00302399206962,0.0,-0.00140266269992,-0.00500045391495,0.357199837092,-0.02075664577,0.0227065474034,0.0,450.7161999149687,450.01965343116655,450.4094160284611,449.45108801239064
0.36000000000000004,-0.000166285063611,-0.000812901519106,10.0718294924,6.27836806851,0.00435339535475,0.0,-0.00411000843831,-0.00792891435335,0.547795644968,-0.0348599575534,0.0210338682031,0.0,464.4755853623043,464.34440500478706,465.9855511236087,464.8818465886409
0.4200000000000001,-0.000509136562492,-0.00139766316379,10.1079934891,6.27587005089,0.00575432460859,0.0,-0.00745624443576,-0.0117944728146,0.657611627783,-0.0607704769784,0.0276170650549,0.0,439.4666434720235,440.0119545589996,442.0082758537173,439.86694439922843
0.48000000000000015,-0.00108377371112,-0.00227146521332,10.1505889449,6.27227839515,0.00825126170119,0.0,-0.0119205011981,-0.0177032734783,0.762167833047,-0.0581019618494,0.0605622790111,0.0,437.21122865396313,439.9479881973656,438.9457405536769,439.164525094927
0.5400000000000001,-0.0020144396377,-0.00361017757896,10.2027889052,6.26999662101,0.01198144823,0.0,-0.0195390456178,-0.0272428309731,0.977663188141,-0.0140585212763,0.065203821097,0.0,472.4584295786529,472.8186367305527,471.20400826185534,474.59507106893466
0.6000000000000002,-0.00348170829827,-0.00555313613786,10.2669130887,6.26867705998,0.0166135539511,0.0,-0.0298634265476,-0.0376334246746,1.15963410605,-0.0467815197628,0.0941865769821,0.0,461.52464180979723,463.81045279155353,464.9997809224902,462.4294096327504
0.6600000000000003,-0.00562653247795,-0.00811087992517,10.3388181788,6.26639916146,0.0222708752628,0.0,-0.0421872361627,-0.047870128745,1.2371066432,-0.0244802979767,0.0944919817412,0.0,431.45040810756234,431.4840242274861,429.824959484371,431.70973005934314
0.7200000000000003,-0.00874893096085,-0.0114152198727,10.4207130864,6.26457462366,0.0274347832657,0.0,-0.062576488893,-0.0624701239405,1.49240479949,-0.0461919143543,0.0583284301004,0.0,486.2609398994973,483.54957592415536,486.46757936028297,484.83895765659605
0.7800000000000004,-0.0131138586817,-0.015578627803,10.5143086589,6.26187436475,0.0312713584875,0.0,-0.0833111586533,-0.0765995484525,1.62724677272,-0.0427297186133,0.0732994374022,0.0,449.5627306954422,450.7769226995513,449.9723658819164,450.25138644374846
0.8400000000000004,-0.0189736676603,-0.020758417084,10.6211058825,6.25973321064,0.0357238649356,0.0,-0.112586684315,-0.0963572154756,1.93216831921,-0.0244006486777,0.0759661887037,0.0,500.4929922796238,500.69065141144955,499.48703228741056,500.8213670116552
0.9000000000000005,-0.0265827317394,-0.0270933158442,10.742703471,6.25837175848,0.0404712691168,0.0,-0.141573152405,-0.114960279514,2.12072708225,-0.0194739324698,0.0847860142397,0.0,467.13176577595686,467.82363074121713,468.1681831501873,468.55132624128186
0.9600000000000005,-0.0360078365287,-0.0345531728836,10.8747376005,6.2570922805,0.0451168623598,0.0,-0.173131582831,-0.133828890599,2.2800757759,-0.0253094362053,0.0556394372161,0.0,461.30159584960876,458.9986646863358,459.8776738154249,459.41524748509954
1.0200000000000005,-0.0472128014083,-0.0430537682334,11.0117265398,6.25514295838,0.0484117306392,0.0,-0.20065942812,-0.149670815685,2.28618831724,-0.0534352704775,0.053424240426,0.0,411.43799670395435,411.2441193144191,413.0900655266273,410.6017867035452
1.0800000000000005,-0.0602512838095,-0.0526173116454,11.151592809,6.25155633719,0.0512788747175,0.0,-0.234256864461,-0.169444905671,2.37580748973,-0.0771332980254,0.0330558643621,0.0,440.4677424897177,438.78145402668383,439.4816536114366,437.5102826178323
1.1400000000000006,-0.0753447429487,-0.063436213048,11.2965404508,6.24687217251,0.0527964634431,0.0,-0.269032265396,-0.191640285431,2.45558063141,-0.0800094125771,0.00144068457971,0.0,436.87839199002207,434.234521834005,437.3366167952998,437.0920276822842
1.2000000000000006,-0.0926677358931,-0.0757652701226,11.448527927,6.24160486086,0.0528986584102,0.0,-0.308394594809,-0.219860507995,2.61029808649,-0.111701727903,0.00222331654476,0.0,459.4207545036462,459.48276562413184,462.09189777639153,459.58021632440244
1.2600000000000007,-0.112418259629,-0.0899634286894,11.6109720885,6.23442866054,0.0533717701802,0.0,-0.349970982741,-0.254185212262,2.80400399134,-0.144169802217,0.0173120373345,0.0,473.04567850055713,474.2060347756594,472.8365219882277,470.3158618201123
1.3200000000000007,-0.134748417267,-0.106463627061,11.7863263217,6.22542559697,0.0546891253378,0.0,-0.394482628416,-0.296863559152,3.04045910106,-0.165635471547,0.0299185376808,0.0,484.90960841979074,485.85565595924135,487.6532989454409,486.02778720148217
1.3800000000000008,-0.159652765033,-0.125609733926,11.9734463186,6.21537679278,0.0565063361061,0.0,-0.435839888152,-0.342414383101,3.19635344233,-0.171445114794,0.0310133476264,0.0,463.2977655523844,463.384093896125,464.4658741977855,463.9844466260784
1.4400000000000008,-0.187108647776,-0.147749618404,12.1704022434,6.20490066935,0.0585110513066,0.0,-0.479548228997,-0.396713032634,3.36823284178,-0.181799240507,0.0378218581062,0.0,468.7529129107186,469.28208816084947,470.73233514974396,469.9027756510098
1.5000000000000009,-0.216911935572,-0.172949201535,12.3721880955,6.19423135786,0.0603135819515,0.0,-0.514080475378,-0.444196676619,3.35788222054,-0.170872902454,0.0061009500093,0.0,414.27221516659523,411.4737361458082,412.85807535869685,413.7878264838232
1.560000000000001,-0.248844132559,-0.201226953715,12.5738399165,6.18370185153,0.0611748934061,0.0,-0.550385201542,-0.499304914331,3.36371256786,-0.186837685105,0.0271656159562,0.0,417.9397365219282,419.77169696962477,419.33707883407817,417.9158030111664
1.620000000000001,-0.283045420255,-0.233118984591,12.776968296,6.17242554564,0.0626676582411,0.0,-0.589799238217,-0.564798677555,3.40695157708,-0.19023236706,0.0198632703821,0.0,432.3949904214536,431.77946035298254,430.9538779228071,430.6312564178316
1.680000000000001,-0.319762974203,-0.269376291332,12.9846163706,6.16075862959,0.0637448707832,0.0,-0.634218806515,-0.644924599285,3.51413673406,-0.204581027001,0.013831124147,0.0,452.9289655069298,452.44348016069597,452.7776465121571,451.5852720411566
1.740000000000001,-0.359368469865,-0.311077795103,13.2017729971,6.148113513,0.064504923582,0.0,-0.686018335431,-0.746503096646,3.72350202864,-0.227409177473,0.0102325069464,0.0,484.89702287478696,484.62646657739526,484.6852262270438,482.9259689318404
1.8000000000000012,-0.401606381959,-0.358135240172,13.4238839718,6.13493522986,0.0647204537374,0.0,-0.721962405476,-0.823173804316,3.68012898636,-0.207442951255,-0.0149913410976,0.0,407.53571520476663,405.2746489760561,404.84522744365626,406.5846465137086
1.8600000000000012,-0.446186998542,-0.410435958319,13.6461996717,6.12285112119,0.0639931138896,0.0,-0.763973751973,-0.921311568393,3.72998948086,-0.191465175823,-0.00692642825163,0.0,437.1895621455405,437.86117619833493,436.85907113262215,438.1486954559616
1.9200000000000013,-0.493461706054,-0.469318859109,13.8743046058,6.11099214697,0.0640095965858,0.0,-0.811802415628,-1.04262467028,3.87273301244,-0.214361346058,0.0117660915655,0.0,466.61620019376875,468.07326500380736,468.58158702331855,466.76143052883873
1.9800000000000013,-0.543504031638,-0.53545323754,14.1092593054,6.0981837114,0.0652832292566,0.0,-0.856361671294,-1.16307195595,3.95845419811,-0.211758677702,0.0354670432518,0.0,450.76048031069416,452.6718900874613,451.2912656004771,451.45711947336537
2.0400000000000014,-0.596194070137,-0.608909670616,14.3484395702,6.08506063872,0.0672583971251,0.0,-0.90015875043,-1.28664905,4.01365840169,-0.238611764056,0.0272647471496,0.0,443.68151902568434,443.007947695262,444.22149019619405,441.96523992010407
2.1000000000000014,-0.651294824172,-0.689286283581,14.5871678338,6.07086091412,0.0693689990672,0.0,-0.936699543304,-1.3937028388,3.94384173081,-0.233029886447,0.047563883864,0.0,401.7372005942532,403.5744462705601,401.6342155124367,402.0778345643879
2.1600000000000015,-0.708879434961,-0.77707941759,14.8251919376,6.05658676517,0.0721220979474,0.0,-0.983042135601,-1.53400092957,3.98966282887,-0.250034115997,0.0422971300937,0.0,441.17437084226844,440.74050166421824,443.4972225775376,442.04101470177415
2.2200000000000015,-0.769427150158,-0.87396836385,15.067614437,6.04135693513,0.0748896625281,0.0,-1.03546088118,-1.69705371324,4.09014430829,-0.262752903288,0.0528531808655,0.0,460.34750766519403,461.1832668291802,461.2244995946132,460.1562959239231
2.2800000000000016,-0.833262437539,-0.981215974873,15.3170064125,6.02546126561,0.0780429303986,0.0,-1.09268154227,-1.87938583484,4.22174035512,-0.269665403756,0.0519504646932,0.0,473.52175460740375,473.4539118239443,471.6460022226035,471.045315831272
2.3400000000000016,-0.900398308631,-1.09908205607,15.5716911894,6.00952874946,0.0810302424136,0.0,-1.14545257111,-2.05089385909,4.26689479276,-0.25837452859,0.0450719955476,0.0,447.6031098135361,447.044439705266,447.61935637268687,448.46676327953395
2.4000000000000017,-0.970690261448,-1.22730957348,15.828173543,5.99369052085,0.0840728696894,0.0,-1.19786354783,-2.22468345925,4.28175685472,-0.278510758688,0.0601014521975,0.0,439.11795321541405,440.36473004746455,440.3967682278306,438.6559867336122
2.4600000000000017,-1.04437590361,-1.36689441239,16.0875633215,5.97662249864,0.087546588852,0.0,-1.25864350401,-2.42964093815,4.36336068144,-0.30030057928,0.0530734069919,0.0,462.949073543012,462.39784685747765,464.4300100451846,462.63826163721575
2.520000000000002,-1.1215375908,-1.51828620885,16.3490995385,5.95824749509,0.0904118290922,0.0,-1.31367039568,-2.61823700645,4.3536592648,-0.322053960798,0.034128342869,0.0,436.8515173900283,435.270067729907,436.642427071947,434.7247687845121
2.580000000000002,-1.20219253651,-1.68182118285,16.6114019173,5.93868111318,0.0923737449987,0.0,-1.37498393022,-2.83456569594,4.38854271704,-0.33574818105,0.0296743791985,0.0,453.42400802614964,453.06638080963563,452.9831233236207,451.77299709283045
2.640000000000002,-1.28679895852,-1.85956208237,16.8780040236,5.91829735707,0.0941972443973,0.0,-1.44534807789,-3.09190736195,4.49642988942,-0.349165320431,0.0317887147041,0.0,478.6386405884168,478.7997746176821,479.86350611027365,478.73394672419585
2.700000000000002,-1.3755964762,-2.05289497549,17.150173079,5.89706639349,0.0957195522001,0.0,-1.51467940834,-3.35429166933,4.57411135031,-0.365373636996,0.00770710364125,0.0,473.5992451867662,471.7431682175322,474.64267866363383,473.27581445425903
2.760000000000002,-1.46851911992,-2.2621493949,17.4261977502,5.87463507075,0.0960845798738,0.0,-1.58271458992,-3.62264179362,4.62494834586,-0.401791751632,0.00262150280606,0.0,469.2886186841668,468.8935352097364,469.5366534736968,466.56223612045846
2.820000000000002,-1.56511844073,-2.48622143996,17.7011283325,5.85077641419,0.0962282594994,0.0,-1.63726905687,-3.84815449025,4.53832591958,-0.390447893856,0.00193704024117,0.0,425.8886465523834,425.83003776885874,424.70722875645026,425.5072179814606
2.880000000000002,-1.66520491677,-2.72510189775,17.9726392322,5.827257594,0.0960452495849,0.0,-1.69890154958,-4.11625370918,4.510452499,-0.395224503463,-0.0155832218962,0.0,449.1656986522858,447.7423464091514,449.9525397566934,449.4081699449813
2.940000000000002,-1.76898013822,-2.98044455419,18.2422108606,5.80400023378,0.0954958491756,0.0,-1.76016066998,-4.39684077286,4.47360649379,-0.375654603473,0.00131647752254,0.0,449.0594740788847,450.42863789980316,449.0464494757397,450.4771641329844
3.000000000000002,-1.87639138453,-3.25283962578,18.5090238322,5.78241002192,0.0953805848769,0.0,-1.82016774103,-4.6844923383,4.41853941962,-0.339294826522,-0.0093436601388,0.0,446.8281608586639,445.9581188763044,446.76159940922855,449.5822471131011
3.0600000000000023,-1.98776940796,-3.54470391378,18.7756863217,5.76248751266,0.094556852671,0.0,-1.89224535578,-5.04562393567,4.46779038806,-0.320511825547,-0.0243841315047,0.0,487.53999545711935,486.41483812503174,486.4681884706575,487.76989206972405
3.1200000000000023,-2.10297093592,-3.85607196681,19.040634496,5.74328439836,0.0932524100938,0.0,-1.94766514713,-5.33453921902,4.36242669651,-0.319150028337,-0.0169188064729,0.0,437.9718619173465,438.5924547598998,438.20642545339393,438.21324817422123
3.1800000000000024,-2.22156151199,-4.1855170028,19.2997983218,5.72465420384,0.092512451585,0.0,-2.00523138529,-5.64810336537,4.27472061386,-0.297246879061,-0.00445503113447,0.0,448.0370360286996,449.0495942444922,447.3924554484531,449.07446383483915
3.2400000000000024,-2.34351617345,-4.53360031188,19.5527348084,5.70717232167,0.0922178512968,0.0,-2.05986400578,-5.95571764799,4.15500848963,-0.281652931235,-0.00583588618645,0.0,440.7156397037565,440.60155054027683,439.8137260492609,441.0163035281389
3.3000000000000025,-2.46871769542,-4.90023650318,19.79801989,5.69066835015,0.0914641974561,0.0,-2.11344643807,-6.26645584054,4.01971230738,-0.264400404773,-0.0314982727673,0.0,438.5145695215199,436.37709155605063,438.7009448011326,440.0536873951804
3.3600000000000025,-2.59747763371,-5.28795769024,20.0382164403,5.67517147841,0.0898010675889,0.0,-2.17827127737,-6.65827021962,3.98454992648,-0.24824232797,-0.0210676533747,0.0,478.9694640964098,479.7621245882199,478.6592972790904,479.82559714611864
3.4200000000000026,-2.72984358333,-5.69783689094,20.2737236707,5.65985764398,0.0894022646655,0.0,-2.23380502438,-7.00511399854,3.86393798106,-0.275242550381,0.0126956249912,0.0,451.1497701805119,453.8685014078597,455.3923952774785,453.1617251064387
3.4800000000000026,-2.86544210713,-6.12812455447,20.5008596364,5.64333566086,0.0901263898864,0.0,-2.28615117935,-7.33862746919,3.70554777339,-0.275614621764,0.0107845970479,0.0,443.3942706202167,443.23707345092873,443.7930415670581,443.6856746738879
3.5400000000000027,-3.00385810184,-6.5764401631,20.7152754243,5.62652768687,0.0914304830809,0.0,-2.32779034756,-7.60625005529,3.44066148887,-0.291157580012,0.037628779527,0.0,403.4074871792903,405.82514209905673,404.11674239504777,402.6239217327599
3.6000000000000028,-3.14508274556,-7.04294536816,20.9160708926,5.60954162409,0.0939819585405,0.0,-2.3798159736,-7.94469514989,3.25068275329,-0.270557835617,0.0508557687123,0.0,438.29658534709085,439.39584029897117,438.14391857425545,439.77083945862665
3.660000000000003,-3.28941054555,-7.52960304747,21.1047163141,5.59338135953,0.0974794128197,0.0,-2.43128743646,-8.27795377509,3.03575105618,-0.267008041703,0.0700769942983,0.0,432.7700835789835,434.38784733719626,433.6911691803925,433.9141514330878
3.720000000000003,-3.43726103913,-8.0389520285,21.2831825002,5.57714643428,0.101210857348,0.0,-2.49726687147,-8.70066706729,2.91038008324,-0.2788878794,0.0376825882567,0.0,476.2267197832407,473.74393947381765,475.32711199952035,474.34647653817154
3.780000000000003,-3.58905297306,-8.57343859061,21.4532290473,5.56068055404,0.103312522146,0.0,-2.56249721635,-9.11588526631,2.75513558208,-0.266762516554,0.0291063598975,0.0,470.7694198449772,470.105582015488,470.1560307929812,471.02312614056166
3.840000000000003,-3.74488254283,-9.13366884642,21.6142809952,5.54485956079,0.105297314946,0.0,-2.63180094046,-9.55858650826,2.61028547323,-0.258154997572,0.04003095072,0.0,481.6587489791821,482.4848329097653,481.4876894868369,482.07444732335665
3.900000000000003,-3.9047546336,-9.71975311734,21.7652421786,5.52936450113,0.1076594192,0.0,-2.69729525025,-9.97772451482,2.41900692283,-0.258443255995,0.0380096062143,0.0,471.2273713539881,471.0717160990936,471.520085062011,471.4349295123379
3.960000000000003,-4.068853592,-10.3328717184,21.9061322347,5.51393120862,0.110077795848,0.0,-2.77263498649,-10.4593309747,2.27386977113,-0.254888612713,0.0445428079587,0.0,497.7052325205525,498.1839652752633,496.98953204933906,497.191257676905
4.020000000000002,-4.23711770182,-10.9726384406,22.0353566769,5.49852362767,0.11231511385,0.0,-2.83618742492,-10.8663432029,2.03089282289,-0.260893518004,0.0159910439898,0.0,468.3637395715038,466.1375052557962,466.730881368905,466.1988475309144
4.080000000000001,-4.40898573197,-11.6355716091,22.1481768803,5.48234644034,0.113266610488,0.0,-2.89269092305,-11.2317743457,1.72743804816,-0.299312027937,0.0155914261624,0.0,448.59115545715696,448.5585912477477,449.7374968521513,446.53815596204413
4.14,-4.58405732556,-12.3193967091,22.2412397644,5.46470185805,0.114486267088,0.0,-2.94299913217,-11.5628707644,1.37247351053,-0.285271616711,0.0284264238364,0.0,431.7692599239047,432.8512333872246,431.29537662443505,432.38919371814984
4.199999999999998,-4.76235784617,-13.0245406671,22.3138240259,5.44798445652,0.116013737365,0.0,-3.00029784015,-11.9420740753,1.04429766092,-0.267876332666,0.0187395546998,0.0,451.6871024314241,450.9049751560994,451.7387317079937,453.0623955327346
4.259999999999997,-4.94415025756,-13.7528944526,22.366556864,5.43184529698,0.116903075132,0.0,-3.05933969337,-12.336410022,0.710599469724,-0.271297590817,0.0055350930317,0.0,458.8386151872292,457.7885555952035,457.51581368631366,457.17238889776013
4.319999999999996,-5.12928826578,-14.5038140615,22.397727872,5.41643454029,0.117146676059,0.0,-3.11181836727,-12.694489867,0.325892312429,-0.237507591927,0.000933210430534,0.0,442.37427498161424,441.99492035233146,441.72125598018306,444.43220844817466
4.379999999999995,-5.31751722231,-15.2760412467,22.4051099813,5.40219010939,0.117242382169,0.0,-3.16237750757,-13.0467470306,-0.0822827608854,-0.237207517265,0.00288716919766,0.0,439.0317418053148,439.1938787056937,439.7392585519873,439.70723465780384
4.439999999999993,-5.5089049642,-16.0704274307,22.3882820204,5.38805101597,0.11726097211,0.0,-3.21706251123,-13.4328555711,-0.48152800792,-0.232713927921,-0.00542042492385,0.0,452.6703928954739,452.00105513009277,452.5420214105657,452.8494980169239
4.499999999999992,-5.70334902289,-16.8867162379,22.3458933278,5.37473169638,0.116905544922,0.0,-3.26429541916,-13.7771742098,-0.933966527363,-0.206359577358,-0.00695004624723,0.0,434.8963541809327,434.76824816017717,434.4744171505769,436.62876382424156
4.559999999999991,-5.90057992323,-17.7235825161,22.2757109024,5.36214000087,0.116328481574,0.0,-3.30996518655,-14.1188748871,-1.40799511173,-0.217976383094,-0.015572673585,0.0,432.74761872825354,432.02092570846423,433.8728494570717,432.85108781054356
4.6199999999999894,-6.10056841803,-18.5813265553,22.1767667203,5.34916625589,0.115308110748,0.0,-3.35617037057,-14.4729735682,-1.89296333949,-0.212951091719,-0.0200392673762,0.0,438.0968968196781,437.72523139862204,435.1809943466085,435.5543832621817
4.679999999999988,-6.30380429145,-19.4639162122,22.0507362716,5.33667715326,0.114431353914,0.0,-3.41802756553,-14.9461181822,-2.31203646532,-0.199972014692,-0.00551711145085,0.0,481.03819664225017,482.13726417474527,480.9427238259311,481.88609219591496
4.739999999999987,-6.50984659071,-20.3688253324,21.894477526,5.3251201572,0.113822806683,0.0,-3.45005400251,-15.2187111371,-2.89889983051,-0.180943854177,-0.0215297288757,0.0,404.0347091977127,402.5876620504161,402.7303059504994,404.40811304814144
4.799999999999986,-6.71818008378,-21.2929954739,21.7043866685,5.31412202849,0.112071952548,0.0,-3.49423673454,-15.5874845182,-3.44069074987,-0.188484849165,-0.0524427543666,0.0,441.06030887458826,438.49792761374556,439.879919511747,439.22161766245017
4.859999999999984,-6.92937865761,-22.2412530007,21.4823876855,5.3027378256,0.108505323843,0.0,-3.54536701175,-16.0210898121,-3.9632291543,-0.192361557619,-0.0795702443164,0.0,464.4862095268859,462.3501628049595,462.9656624957227,462.62689485203583
4.919999999999983,-7.14341932359,-23.2143678378,21.2274494873,5.29108176889,0.103501493339,0.0,-3.58899759577,-16.4164330488,-4.53853074334,-0.198374431105,-0.0924217796136,0.0,449.65324037633195,448.6046584764418,448.56137826596495,448.036017153089
4.979999999999982,-7.36070811679,-24.2169544958,20.9408952262,5.27920691186,0.0985545236988,0.0,-3.65322804844,-17.001749518,-5.01891906493,-0.197010992867,-0.067635344355,0.0,514.364396511834,516.1128349634131,514.5283172462015,514.5924302003615
5.0399999999999805,-7.58104609824,-25.2486526556,20.6207331473,5.26691019669,0.0940953323721,0.0,-3.69111277814,-17.3885983721,-5.65738782765,-0.229656554476,-0.0930699423864,0.0,449.5439715378789,447.4724519303576,450.10754475050527,447.41392685647475
