episod,total_reward
1,-7.66315770396
2,-7.67587625009
3,-7.43199673167
4,-11.269197534
5,-21.5213361106
6,-6.55106819808
7,-13.0379866671
8,-15.2716104866
9,-9.59018728768
10,-8.11356029832
11,-49.2159615391
12,-5.21987111252
13,-11.2211794743
14,-24.5465647463
15,-24.679662493
16,-17.1956633252
17,-10.1931878851
18,-42.7168350223
19,-9.22899641861
20,-6.43300124048
21,-31.1321848177
22,-21.6151942104
23,-12.0767434713
24,-3.71851238496
25,-5.02711271327
26,1.90550829494
27,4.02704314666
28,2.25492582757
29,-0.863080206857
30,-14.8781167539
31,0.506277218649
32,-8.26161656036
33,-19.7475629833
34,-26.8615819976
35,-14.2577712008
36,-12.7598105533
37,-30.4495055348
38,-8.49400080852
39,-8.07374235578
40,-2.43981457084
41,-3.76710766428
42,-4.94325088958
43,-8.81164369568
44,0.893016643945
45,-4.3893379445
46,3.90865769779
47,-12.9783339307
48,1.96619721023
49,3.34958113686
50,1.94558475473
51,2.004345832
52,2.95209940707
53,-5.71048025627
54,-0.594578112613
55,1.42139054455
56,-4.05369441715
57,-12.22267292
58,-5.59155674007
59,-19.5521435881
60,-6.09416500637
61,-5.77606528689
62,-6.18748084737
63,-8.01120332099
64,-11.3457919623
65,-20.5237522152
66,6.28807984365
67,13.3348693346
68,-9.92009677905
69,13.4347682166
70,4.51867879825
71,6.19142068826
72,-3.63355701493
73,-3.00487523254
74,-14.4225534883
75,-37.610265303
76,-28.8204204678
77,-43.9365886976
78,-8.0500950374
79,-8.00266848789
80,-10.4994734052
81,-28.6755169968
82,-9.68688013902
83,-16.3272257262
84,-12.5616885425
85,-11.3459813269
86,-14.2630795216
87,-9.50542727518
88,-13.5217955591
89,-13.841665686
90,-52.2539622152
91,-137.939952243
92,-20.6138464542
93,-14.3659421178
94,-21.142352946
95,-19.7357294661
96,-19.8225898002
97,-43.0710260644
98,-29.2000804747
99,-30.3179235329
100,-1.14187874096
101,-14.3737355453
102,-27.0984611561
103,-10.8291328383
104,-132.830777885
105,-19.8352826717
106,-39.118829416
107,-32.5491200402
108,-25.9750659718
109,-17.9224358784
110,-6.0854479264
111,-2.52147809545
112,0.72652645378
113,-5.27146310482
114,-6.34573151526
115,-7.15752766487
116,-1.23179317278
117,-0.0702710452004
118,-5.88724831302
119,-5.60957050662
120,7.3309593654
121,-1.7728635258
122,-2.30351014915
123,-1.89031209613
124,-2.40909279907
125,-4.24274306566
126,1.33324724979
127,-4.92463851327
128,-0.00336614727355
129,-5.15442785657
130,0.0130838368506
131,3.14061900216
132,7.77738472145
133,2.22145221854
134,4.74322739999
135,3.3595869259
136,5.94394177266
137,7.91037105575
138,3.72608314916
139,6.53746870664
140,6.28552177249
141,6.25185965102
142,6.26624329582
143,6.03134981717
144,3.44295779171
145,3.37400141404
146,6.17719331965
147,3.53801284559
148,5.13277837446
149,3.0366060307
150,7.86145540907
151,7.00593950917
152,6.42025411863
153,7.14585200394
154,0.0180468823291
155,6.45349511378
156,-1.69788157667
157,2.59840216604
158,2.07808330402
159,3.98556750496
160,-7.82810584429
161,2.49323455473
162,-5.74176371317
163,-6.43117969222
164,-9.35547968676
165,-3.79436323246
166,4.4916049914
167,-2.24554957945
168,-2.67814397705
169,-6.42324971637
170,-0.676620032386
171,0.889197739831
172,2.21343059342
173,5.5788281825
174,3.4374244615
175,5.64304880707
176,5.03962028941
177,5.63099255086
178,0.39839073804
179,-1.22869022484
180,-4.13311183902
181,-4.76683281121
182,-4.13992420337
183,-2.82774047416
184,-6.81412487331
185,-3.88854159033
186,-5.57596971462
187,-1.06782800374
188,-3.58695533188
189,-2.1288531254
190,-2.04309596847
191,-1.85644352008
192,-9.1858029465
193,-20.4458385892
194,-6.2605823986
195,-1.84316134711
196,-7.20113972241
197,-5.64235085937
198,-2.22357152288
199,-7.5554996338
200,-2.12992038495
201,5.82511321543
202,-1.45308156691
203,-9.89085569669
204,3.2723074255
205,-0.169701658599
206,-35.5236428679
207,-34.9899392158
208,-32.79519686
209,-36.8114419857
210,-39.4712157746
211,-38.397956262
212,-39.5328832888
213,-44.5195519951
214,-4.84709459372
215,-44.3709785848
216,-32.6592291349
217,-35.8011196996
218,-35.0245429495
219,-24.5008870862
220,-16.4121016515
221,-20.9307934943
222,-20.3225556729
223,-18.8764463049
224,-80.0714173879
225,-42.7811173045
226,-41.2796293981
227,-36.3774567575
228,-27.4031020596
229,-11.2598962705
230,-9.31039355255
231,-9.2158187402
232,-2.15310686605
233,-18.2163995493
234,-42.9139791228
235,-26.0242227049
236,-7.00519788976
237,0.732805933238
238,2.02472855448
239,2.53716466575
240,2.03338705944
241,2.02658936441
242,1.95386449315
243,1.82687032039
244,2.5074817789
245,2.45462341973
246,2.46413770888
247,2.11354975414
248,3.04779091226
249,1.29481616283
250,1.59193499087
251,2.15747746692
252,2.6331945964
253,2.06622442219
254,2.34127811364
255,2.58698717109
256,5.03944321985
257,0.858880477926
258,3.32089958223
259,-0.819864656863
260,-0.571084170741
261,4.60121435331
262,3.75220071518
263,2.37066480542
264,-0.324191818558
265,0.962992086347
266,4.43368379913
267,5.77699083459
268,2.6614427439
269,2.46165120365
270,5.22748089814
271,3.51160270347
272,2.16415753829
273,1.35791156258
274,5.10182488248
275,4.67518570738
276,2.86103399366
277,2.12757764797
278,2.37346799969
279,2.34032491733
280,5.20173353028
281,3.28919503565
282,3.61952162158
283,2.51975375578
284,2.6704421287
285,2.53374387995
286,2.20252907963
287,2.20432626533
288,2.34122280731
289,4.47741025935
290,0.0025257395577
291,-4.87289869969
292,-8.11412404346
293,-16.7080822693
294,0.0815629887304
295,-1.85113379563
296,-8.52086413807
297,-1.97132281812
298,-7.7434564353
299,-4.95559703592
300,-29.1763141946
301,4.5334548006
302,-6.91050090708
303,-8.84593513225
304,-0.935964809156
305,-15.5970424964
306,0.072082819647
307,-15.8870996816
308,-18.5206743623
309,-3.80026307629
310,-7.80412715361
311,-9.48823233077
312,-2.08560298323
313,-1.53441943224
314,-4.89542256659
315,-8.22928058403
316,-7.82511848839
317,2.25525135769
318,1.7919396562
319,2.34245181835
320,2.05359624389
321,2.18755284099
322,2.2864607611
323,4.75617612564
324,3.69641038266
325,-1.20911233698
326,-14.1357430862
327,5.24422105597
328,-0.744665404439
329,-3.88366291662
330,-0.2761666031
331,2.9474100088
332,-11.2037705444
333,-9.82112976953
334,3.66865420162
335,-20.6371294256
336,-26.3984134179
337,-38.8118536278
338,-39.2249268527
339,-2.19901372378
340,0.0382630737835
341,-6.05379417796
342,-10.7114823332
343,-22.5329605474
344,-46.2819745215
345,-0.103423867961
346,-38.2792136835
347,-64.6232748279
348,-65.176151354
349,-77.0560626888
350,-60.1833024182
351,-23.9192206127
352,-1.18930168396
353,1.42268999533
354,-1.48555146928
355,-68.5907306238
356,-11.8197493606
357,-13.3064562211
358,-1.76046116452
359,-46.6660428692
360,-34.1246286599
361,-0.857475697596
362,-3.96839328324
363,6.68465831683
364,2.09791598101
365,-0.88314540676
366,2.38588928357
367,2.77733433327
368,-0.723288652567
369,0.751718756701
370,1.81216534657
371,-29.3487160321
372,-0.775393386697
373,6.41773678925
374,-44.4321650319
375,-18.2695793555
376,7.12335570261
377,-19.2962689277
378,-25.7882018318
379,-0.868787846869
380,-9.74838457311
381,-1.82169566925
382,5.38962523631
383,-0.34956029249
384,1.72164218023
385,5.15782692983
386,6.40054951294
387,8.72799588592
388,3.49839935204
389,-27.0001243051
390,-67.376825631
391,-73.1402262397
392,-7.9229315269
393,-113.267945669
394,-1.65087592325
395,-62.0188052238
396,-58.1608768123
397,-74.0865742061
398,-63.3339868498
399,-72.5069797555
400,-105.494808676
401,-28.3860051889
402,-41.7216731853
403,-40.6518906398
404,-5.59590066256
405,-34.1184350738
406,-8.73990877046
407,-39.1735684254
408,0.706467034012
409,1.50875598445
410,-85.5860299195
411,-26.8512300889
412,-22.0976455023
413,-126.093603711
414,-111.426028494
415,-126.89447257
416,-167.734454638
417,-166.26365969
418,-165.547383948
419,-167.3248907
420,-165.21434962
421,-103.763753163
422,-79.3114044357
423,-23.9084032396
424,-3.75512698264
425,1.7865412781
426,-0.599433630597
427,-36.97848486
428,-61.7193003896
429,-55.37939962
430,-71.1591839776
431,-48.5220074311
432,-60.4118605725
433,-50.0579611588
434,-35.5499708668
435,-49.3643980143
436,-154.288653671
437,-131.107665391
438,-166.448457947
439,-162.074728966
440,-53.8362724576
441,-56.2459604715
442,-56.6556477175
443,-44.5728797161
444,-57.1912983302
445,-38.0850744419
446,-18.3543907625
447,-77.9000007892
448,-19.4431294407
449,-0.412927678135
450,-1.84805585933
451,4.29051997834
452,-0.938152885534
453,3.02540623349
454,0.554861507202
455,-8.21234529171
456,3.60502287844
457,1.52174080968
458,2.2117067868
459,3.10690618931
460,1.46469053456
461,-2.4406970142
462,-1.33425977234
463,-4.90554262991
464,-14.9549496265
465,-4.78048068172
466,2.16147936001
467,-3.57982167732
468,-9.82300271733
469,-14.6854355652
470,0.667939039891
471,-176.412184797
472,-5.63946118004
473,-52.229371214
474,-128.501509277
475,0.547594068503
476,-2.83013480799
477,1.78565376822
478,-3.53784572768
479,-2.85568888131
480,-3.68642078197
481,-3.40738939202
482,-3.28425498774
483,-4.08803616927
484,-3.69148368006
485,-3.50267185763
486,-3.89787972223
487,-3.49539502893
488,-3.2992111083
489,-3.63159271538
490,-3.46736223345
491,-3.2140553999
492,-3.70796812179
493,-3.40767043426
494,-3.54965166915
495,-3.63894494203
496,-3.49220496971
497,-4.19770758604
498,-3.82940480663
499,-3.27742476187
500,-3.43253346787
501,-3.44621717925
502,-3.43525896659
503,-3.78730029815
504,-3.53591798619
505,-3.69052252134
506,-3.5229352652
507,-4.05149186523
508,-3.73958969232
509,-3.96694361353
510,-3.73497384908
511,-3.76702074741
512,-3.46707017751
513,-4.15715632968
514,-3.79828833472
515,-3.28405164759
516,-4.10160557583
517,-3.6662643911
518,-3.79102353007
519,-3.88566584542
520,-3.34348712737
521,-3.2996528808
522,-3.6542378791
523,-3.90629193006
524,-3.03207152908
525,-3.55178475339
526,-3.65714723734
527,-3.78441782048
528,-3.98657774354
529,-3.51395229144
530,-3.26249984168
531,-4.29322166508
532,-3.4126574195
533,-3.85801096678
534,-4.19108316226
535,-4.32550459581
536,-3.43853609966
537,-3.38699046843
538,-3.50955222489
539,3.62890064392
540,14.8470304746
541,-3.32257949622
542,8.08888723169
543,-16.9947945141
544,-18.885729638
545,-4.16631317396
546,-3.66616575552
547,-11.1298225884
548,-0.0493673557814
549,-3.7640251655
550,-4.31203222986
551,-3.29166718819
552,-3.46001327538
553,-4.07527490455
554,-3.74412708258
555,-3.60187155272
556,-3.51010400847
557,0.0565906340667
558,-7.39685957606
559,-28.681511816
560,7.45199562261
561,-3.06917000074
562,-27.323072691
563,-29.5315151724
564,-27.6995771558
565,-20.2129888284
566,-1.23251617014
567,-5.77852590147
568,-5.72798145682
569,-35.8673329221
570,-12.6626965463
571,-26.1927956116
572,-35.6241015219
573,-32.9316559972
574,-29.9777624204
575,-39.7844321702
576,-33.2657508798
577,-67.5461244276
578,-46.5161156757
579,-22.195157607
580,-212.957584226
581,-212.843255118
582,-212.827120217
583,-39.7123770273
584,-160.015862855
585,-213.13668013
586,-126.570349998
587,-146.818377054
588,-9.51802392368
589,-212.823764728
590,-9.54941631976
591,-18.0133571688
592,-3.5936401742
593,8.8923068311
594,-46.0917229592
595,-10.8030830289
596,-113.981898805
597,-73.4594680531
598,-24.781082221
599,-15.0894494653
600,-12.4044432735
601,-19.3805721572
602,-20.1302961731
603,-20.9411755185
604,-12.8025019395
605,-15.2147003109
606,-13.1164318208
607,-26.8340569642
608,-3.48247880039
609,-3.83685769388
610,-3.69258315016
611,-3.7032741125
612,-3.60002688773
613,-8.21471708227
614,-3.50462418265
615,-3.25835381559
616,-10.5142455023
617,-6.8361648549
618,-3.46283982331
619,-8.23934859542
620,-5.67526149607
621,-4.77829002292
622,-21.4858769994
623,-14.1385957597
624,-13.3221282827
625,-25.2071504062
626,-64.8191502873
627,-85.5064927494
628,-22.3545049569
629,-18.6890524879
630,-10.9419283455
631,-14.0474237859
632,-24.9757699953
633,-29.3370220318
634,-27.8039802353
635,-13.9747910384
636,-17.3467784883
637,-46.0370501543
638,-18.2340954365
639,-8.5813524677
640,-20.8048144812
641,-27.6928780621
642,-20.0639898397
643,-14.2638063229
644,-18.0415721144
645,-18.2888740042
646,-16.8948076481
647,-17.2307532175
648,-19.0147761453
649,-18.8194858054
650,-18.1547258103
651,-23.8610498369
652,-17.5747130395
653,-25.7463932891
654,-18.2876895738
655,-16.8407030727
656,-17.4217905537
657,-16.6525776736
658,-10.1538217335
659,-15.7191235533
660,-17.7518134854
661,-17.4774270112
662,-23.483979502
663,-17.7492064905
664,-17.6178986383
665,-30.3470117099
666,-21.5270350616
667,-13.4873090767
668,-27.6397934061
669,-14.1144951347
670,-21.5608350456
671,-15.6577098133
672,-16.461693114
673,-18.6215757743
674,-18.8930360547
675,-23.7273884483
676,-20.9186584064
677,-17.5614274425
678,-13.5537841154
679,-17.9496795013
680,-18.423016661
681,-16.0656078941
682,-20.964755657
683,-15.7212194003
684,-16.6221830418
685,-24.9223466362
686,-37.6764466856
687,-17.3295325032
688,-19.1762359848
689,-59.3710219284
690,-27.0615104918
691,-67.9629133475
692,-17.2246291571
693,-18.7667901497
694,-26.8962789534
695,-24.3019631166
696,-25.6052960339
697,-31.0508193718
698,-16.6011219635
699,-20.6350918877
700,-17.4212049238
701,-13.4462036123
702,-10.8149552287
703,-18.2689758888
704,-20.5559661457
705,-20.446661835
706,-21.8336760946
707,-55.9140693892
708,-23.8094877156
709,-20.5481244557
710,-18.3739398718
711,-25.6407446019
712,-14.707574296
713,-17.4433977315
714,-21.8486728855
715,-21.0878784833
716,-21.4735078902
717,-20.9292713265
718,-24.3553073513
719,-24.3897104439
720,-18.475473186
721,-18.3128721026
722,-21.347274242
723,-24.1530412921
724,-21.5767902224
725,-14.3608816943
726,-23.8469451744
727,-23.614011445
728,-31.1555454501
729,-28.042929581
730,-12.8795436129
731,-14.8178803773
732,-13.4643390562
733,-26.4357377824
734,-16.8869694972
735,-25.2281065577
736,-27.7298356003
737,-18.556111706
738,-23.0071262705
739,-22.862453688
740,-19.3949519502
741,-10.9148368141
742,-3.30343968514
743,-28.5103456868
744,-13.2482232654
745,-11.9802925161
746,-3.78824264857
747,5.05294120939
748,-22.0477108884
749,-10.753528762
750,-19.248050737
751,-9.41182812499
752,-3.0495392475
753,0.139024340934
754,-12.5671636784
755,-23.7215315577
756,9.01587484775
757,-30.9482863338
758,-39.3152978562
759,4.73297192276
760,-8.94862562679
761,-16.3892820184
762,-6.58059710448
763,-4.39486984977
764,-13.0805399043
765,-9.16608029693
766,-27.5230792379
767,-0.997187782294
768,-10.2489173619
769,-15.3192820691
770,-54.8747462616
771,-3.09564875854
772,-31.0285028191
773,-22.8060422609
774,-27.4031487795
775,-31.5407521239
776,-17.5583595269
777,-20.3521768946
778,-20.3140755312
779,-10.6505749382
780,-8.9208248507
781,-4.06544833252
782,0.701223207399
783,0.756753010195
784,-2.45531976134
785,4.03503441168
786,-14.546649683
787,0.741182424917
788,-2.13574019458
789,6.10833337231
790,0.549589635115
791,2.71523068355
792,-1.29423681607
793,0.472396122002
794,-5.7697277101
795,-0.948794864138
796,-0.148095873801
797,13.2740359401
798,-13.7715453722
799,-8.24402377745
800,-10.3816141212
801,6.0268880041
802,-50.9803015921
803,-78.0355127363
804,10.2851202834
805,-19.6423794057
806,-19.6161449337
807,-22.7150216141
808,-23.5595036432
809,-26.6908781486
810,-26.3127054301
811,-21.4967778953
812,-20.0659487766
813,-21.1293322556
814,-17.5644046221
815,-25.7745704255
816,-15.8676808144
817,-21.6474792179
818,-18.0514203191
819,-12.8644478432
820,-16.8521239992
821,-15.4709393481
822,-19.3295790525
823,-17.5395643166
824,-20.6374547318
825,-17.9214142548
826,-16.1188169392
827,-14.881599799
828,-14.2453912092
829,-16.1533337678
830,-17.2444888989
831,-18.772154562
832,-15.6977265626
833,-21.6677181458
834,-25.8426723246
835,-18.644072164
836,-21.0444371852
837,-21.3664538604
838,-20.3640809041
839,-26.8524379906
840,-18.0811682537
841,-32.9881421086
842,-20.7953198622
843,-18.8515688143
844,-19.4066692847
845,-25.3588597418
846,-23.1134509361
847,-21.7462085469
848,-41.2519869877
849,-14.2279296719
850,-28.4875955438
851,-20.9165556411
852,-34.2311942433
853,-28.5826289018
854,-37.4627400368
855,-21.2753720163
856,-31.4886451919
857,-31.9621989456
858,-18.8921877149
859,-34.3605103317
860,-21.6721420132
861,-21.7165968682
862,-32.0050323683
863,-30.6838694124
864,-25.3963028631
865,-36.7284114951
866,-17.5006900838
867,-24.3014790725
868,-23.8914395283
869,-17.3626432659
870,-22.6264002743
871,-19.0238256903
872,-12.9088477208
873,-12.3992525562
874,-12.2466185826
875,-31.4006416481
876,-11.7153102941
877,-10.9510056287
878,-26.7748541792
879,-10.972954436
880,-29.9722590213
881,-30.175780254
882,-13.8169052638
883,-24.3482522859
884,-12.7124336846
885,-22.1808765483
886,-18.4021412341
887,-15.0505555276
888,-14.3479124119
889,-15.4858843955
890,-19.9753886375
891,-16.1631620416
892,-10.9942803741
893,-14.4552385839
894,-18.7432256805
895,-25.5221321168
896,-40.0658368532
897,-6.79882821441
898,-20.0404146974
899,-26.1035943564
900,-12.1604822378
901,-30.4272452687
902,-196.159512879
903,-188.289926646
904,-8.96535628255
905,-9.19008921978
906,-9.87369555399
907,-9.40162748087
908,-8.96817814509
909,-13.4312421898
910,-27.838093756
911,-16.1773576958
912,-8.26894256514
913,-13.6825466472
914,-13.3605006278
915,-13.5595719266
916,-12.9923292497
917,-14.3601775557
918,-16.0270062183
919,-13.7090274244
920,-5.34095054643
921,-47.4031746255
922,-25.7612506425
923,-7.84328737511
924,-16.0389242847
925,-26.740299087
926,-50.7247528523
927,-47.0733216937
928,-10.6823494785
929,-116.973986033
930,-8.09651236368
931,-26.1666555847
932,-26.3807816437
933,-12.501550752
934,-18.8681890336
935,-20.420141796
936,-30.2388666607
937,-23.3857588173
938,-42.7645385523
939,-201.164443859
940,-22.6127878181
941,-13.6574521944
942,-13.2108503875
943,-86.5465482363
944,-187.408914026
945,-89.488146683
946,-203.731134148
947,-11.1872868335
948,-13.2311434515
949,-31.1979634073
950,-129.87563366
951,-62.0402754894
952,9.56215415181
953,-37.562756828
954,-121.128586854
955,-63.9769610843
956,-19.5394136778
957,-22.8794679108
958,-16.3880568245
959,-14.5998908121
960,-182.724426695
961,-25.113816866
962,-39.0485008378
963,-106.497498644
964,-12.3711746724
965,-175.514276553
966,-33.7558280692
967,-119.074638116
968,-36.8433066145
969,-13.3742140811
970,-11.8403064408
971,-14.4388125093
972,-31.193037084
973,-12.2837423738
974,-104.830387508
975,-218.092365241
976,-72.8397122463
977,-212.790653051
978,-211.363443543
979,-35.4026734497
980,-104.471751063
981,19.6891673791
982,-11.7854962363
983,-10.7826065576
984,-0.274156451215
985,-12.0953592499
986,-39.8954250766
987,-15.1739833574
988,-15.2566517593
989,-14.997630792
990,-11.9478461554
991,-15.991588629
992,-19.042044142
993,-2.78120217398
994,-24.3885922627
995,5.8005524253
996,-6.98558989427
997,-40.3935691972
998,-8.29542696316
999,-10.5212208183
1000,-25.5252822575
1001,-25.5346212596
1002,-14.2057836555
1003,-15.9207560595
1004,-19.8350463455
1005,-17.253150427
1006,-11.9644444776
1007,-22.662003149
1008,-22.4179090096
1009,-21.0542873807
1010,-18.0537172097
1011,-16.221473046
1012,-29.3329697355
1013,-16.8448468959
1014,-17.2825419697
1015,-19.7703285238
1016,-23.5147501997
1017,-18.6962550775
1018,-19.841943894
1019,-24.0906253371
1020,-24.9308422165
1021,-25.6030987377
1022,-25.2182983969
1023,-17.0570868896
1024,-17.3905624013
1025,-14.8988223473
1026,-14.7865831704
1027,-20.3998374584
1028,-14.8066222898
1029,-24.3324892194
1030,-25.2600851231
1031,-16.3924451257
1032,-19.858491858
1033,-22.0411107478
1034,-19.6236890618
1035,-18.6852546231
1036,-19.338463534
1037,-22.8269710127
1038,-20.2571644614
1039,-17.5952407657
1040,-27.5249814856
1041,-31.6616858625
1042,-13.7605196293
1043,-9.87438875215
1044,-54.0144907397
1045,-44.191065417
1046,-14.857711286
1047,-17.1405212983
1048,-14.577700815
1049,-24.9477559791
1050,-43.1729818191
1051,-16.2829930702
1052,-61.9511702891
1053,-14.5437142617
1054,-19.4254021887
1055,-16.8354437143
1056,-23.9473606952
1057,-13.1617049766
1058,-19.8438940333
1059,-25.6215771191
1060,-18.2489216089
1061,-19.5440172123
1062,-42.4313291688
1063,-26.5175531724
1064,-18.6198650994
1065,-139.938067696
1066,-15.338980803
1067,-14.6026087245
1068,-14.1113917807
1069,-31.398285744
1070,-33.5372310719
1071,-113.193297332
1072,-25.6982373692
1073,-5.80905957975
1074,-46.0079524363
1075,-29.8640342452
1076,-49.9404450787
1077,-23.0071424478
1078,-19.7252059995
1079,-186.544928907
1080,-36.163454333
1081,-186.746527648
1082,-57.4231619055
1083,-85.4632085616
1084,-7.18341603771
1085,-7.5745477257
1086,-38.0757826244
1087,-82.8270418454
1088,-186.574960355
1089,-9.8495667749
1090,-12.9062369492
1091,-20.730968693
1092,-39.9810105573
1093,-29.3361978262
1094,-14.4490452037
1095,-29.3254600191
1096,-29.4390555298
1097,-198.40861263
1098,-29.6735085818
1099,-10.3939051062
1100,-17.3739127767
1101,-58.068651353
1102,-72.6706504637
1103,-8.18161086492
1104,-8.22159592108
1105,-37.7570169416
1106,-182.994045711
1107,-183.922349333
1108,-70.9919202761
1109,-111.587763945
1110,-21.5502907653
1111,-97.482994218
1112,-128.104815124
1113,-17.1387536941
1114,-15.4258879997
1115,-150.935471238
1116,-167.066114134
1117,-173.248507928
1118,-173.866627377
1119,-175.608641107
1120,-174.177580661
1121,-172.275749134
1122,-19.1396785422
1123,-18.8799806817
1124,-19.6502958771
1125,-10.151824116
1126,-4.87794479658
1127,-12.9558794467
1128,-12.3646058698
1129,-11.6626126992
1130,-8.68185696103
1131,-13.2760767787
1132,-9.47300762324
1133,-9.18473741699
1134,-2.50209333247
1135,-11.7030151387
1136,-18.7208670717
1137,-15.7733819079
1138,-13.0407750691
1139,-12.2144626486
1140,-22.7129194026
1141,-7.54130693346
1142,-2.81822982052
1143,-0.494450137582
1144,2.02381857816
1145,-15.1291520473
1146,-4.45794041769
1147,-2.30854603051
1148,-18.9035600488
1149,-31.4618394927
1150,-27.1491712194
1151,-24.8979269116
1152,-23.8870733188
1153,-23.0122461666
1154,-20.9096634445
1155,-18.886188568
1156,-24.7644666
1157,-22.9665144879
1158,-25.3603487453
1159,-19.4041316038
1160,-17.4673768424
1161,-13.1311727262
1162,-13.4739870538
1163,-12.9003133767
1164,-7.13613855985
1165,-7.14452875153
1166,-4.36742994536
1167,1.87735786523
1168,-2.50394429252
1169,-7.86010581322
1170,1.24065925377
1171,-0.740533802522
1172,-7.88525873846
1173,-8.10636421238
1174,-13.2654583279
1175,-10.582648342
1176,-9.23335574716
1177,1.06223006574
1178,2.75635745761
1179,3.01984892583
1180,2.59619742173
1181,2.60628732421
1182,2.2797122238
1183,-1.98275512731
1184,4.87837578587
1185,2.64038635658
1186,3.19209295524
1187,3.03137223929
1188,2.68600247013
1189,3.27843282862
1190,3.028350963
1191,2.80063280044
1192,3.03223334314
1193,3.02861654018
1194,-7.91826927754
1195,-8.81097160054
1196,-7.64277122449
1197,-4.98758495958
1198,-4.98299446555
1199,-7.18355593403
1200,2.94313196912
1201,-1.055047261
1202,-3.73500099173
1203,-5.93549800141
1204,6.60694058308
1205,-9.59244988064
1206,-4.13666301056
1207,-7.96520193625
1208,-8.29400756044
1209,2.83117670134
1210,5.51379606206
1211,2.98359516993
1212,2.90479640823
1213,-19.5674351092
1214,-4.67943484726
1215,-23.7337260647
1216,-14.2816496594
1217,2.90037368558
1218,3.08336965611
1219,2.95759270052
1220,-0.164527652034
1221,-4.92313723618
1222,-5.19943477205
1223,1.88065008233
1224,2.71242314021
1225,-19.8782990471
1226,2.87911534544
1227,3.14137147014
1228,3.02604902791
1229,2.95240977694
1230,2.87567857529
1231,2.93651351521
1232,2.84926833263
1233,2.90277847772
1234,2.62502252223
1235,2.97824953532
1236,2.91283884378
1237,2.86664616334
1238,2.96871466687
1239,2.91522581627
1240,3.24648914663
1241,2.77305047487
1242,3.01634518263
1243,3.12967858517
1244,2.99788998574
1245,2.77162456151
1246,2.78581583812
1247,3.0596501511
1248,2.85367658916
1249,2.94232869461
1250,2.94144095856
1251,3.03721587828
1252,2.9276560109
1253,-13.7367430088
1254,-24.7006477081
1255,-20.5772042412
1256,-19.7083679846
1257,-14.3265185836
1258,-18.9590436435
1259,0.0607219435841
1260,-10.4421747099
1261,3.04563017146
1262,-1.65115197667
1263,2.16822433681
1264,2.85292566223
1265,2.83844171269
1266,2.91038035893
1267,2.84494793206
1268,2.93358748672
1269,3.00448033918
1270,2.99299838203
1271,2.94167820791
1272,2.97480361429
1273,2.99548360715
1274,2.66187878374
1275,2.96061178752
1276,3.05939763721
1277,2.94701454415
1278,3.01646604198
1279,2.827426856
1280,3.00331829238
1281,2.91910048243
1282,3.00238396879
1283,2.99824874851
1284,5.93844691112
1285,3.14212325483
1286,3.22711098065
1287,-11.3274697576
1288,-11.9507556149
1289,3.47362138597
1290,-4.14910319416
1291,-15.2795664594
1292,-17.6362576325
1293,-60.3322656412
1294,-74.9518101204
1295,-83.5521971613
1296,-122.204787773
1297,-134.751541175
1298,-156.329865361
1299,-173.639920976
1300,-173.547332629
1301,-172.850535175
1302,-146.088123649
1303,-173.801564845
1304,-174.004342246
1305,-170.811915168
1306,-172.703098475
1307,-136.567086713
1308,-174.131467731
1309,-174.09358248
1310,-157.647526169
1311,-173.581346003
1312,-164.000342472
1313,-175.152131074
1314,-173.802031026
1315,-173.426478571
1316,-172.636479033
1317,-174.03096998
1318,-173.649764601
1319,-174.473491859
1320,-174.815180879
1321,-175.443711513
1322,-173.889275952
1323,-173.794293783
1324,-175.038719464
1325,-173.93140726
1326,-173.196238547
1327,-150.019755002
1328,-174.656764639
1329,-173.696153424
1330,-173.244422516
1331,-174.31597494
1332,-172.550575111
1333,-175.104886558
1334,-174.508378276
1335,-175.854060941
1336,-175.657442129
1337,-173.717646968
1338,-174.939360307
1339,-173.457634813
1340,-29.9089765918
1341,-23.961285919
1342,-75.0708209818
1343,-158.907721922
1344,-174.406860516
1345,-175.520892663
1346,-172.186722882
1347,-173.442908643
1348,-175.485482572
1349,-173.542957684
1350,-173.409964014
1351,-174.86196188
1352,-173.659631153
1353,-172.371320684
1354,-173.118704573
1355,-173.887572473
1356,-173.166616463
1357,-171.847701581
1358,-172.605603658
1359,-173.185351904
1360,-173.803210479
1361,-173.826773074
1362,-174.398581722
1363,-174.08318343
1364,-173.526740134
1365,-172.376186171
1366,-175.84611454
1367,-174.286379733
1368,-173.574754746
1369,-172.390139949
1370,-175.429743235
1371,-174.88296659
1372,-174.927880938
1373,-174.022024152
1374,-173.047808732
1375,-173.867826308
1376,-174.146389307
1377,-174.146805164
1378,-167.3765433
1379,-175.618399002
1380,-174.794342692
1381,-173.846454782
1382,-173.48802554
1383,-164.361587262
1384,-173.851376718
1385,-175.91030243
1386,-174.929390513
1387,-174.197579427
1388,-174.813044421
1389,-172.254971186
1390,-173.902608826
1391,-174.304278076
1392,-174.614068614
1393,-175.073898495
1394,-174.897184718
1395,-161.064033635
1396,-174.715463695
1397,-174.309594565
1398,-175.596268995
1399,-173.173414334
1400,-175.15684973
1401,-174.781241508
1402,-173.549877243
1403,-174.359611862
1404,-174.417183642
1405,-174.469333954
1406,-175.348753763
1407,-174.993864844
1408,-174.432906857
1409,-172.590463162
1410,-173.907728136
1411,-173.341473347
1412,-173.253086722
1413,-173.698089753
1414,-161.120159318
1415,-175.520325363
1416,-172.998101361
1417,-175.180947079
1418,-171.11572117
1419,-173.274821232
1420,-174.837072767
1421,-174.111557291
1422,-175.614689844
1423,-174.593860225
1424,-175.019484346
1425,-161.24406168
1426,-158.755487008
1427,-175.680339897
1428,-174.94291011
1429,-153.137223184
1430,-173.414408511
1431,-172.785940686
1432,-175.275107996
1433,-175.107109578
1434,-173.382218064
1435,-174.794668701
1436,-175.30446694
1437,-173.28102723
1438,-174.542197447
1439,-174.967480311
1440,-171.660789316
1441,-175.20057057
1442,-174.20731664
1443,-173.996672946
1444,-174.673286738
1445,-173.922685976
1446,-174.67560907
1447,-172.811707735
1448,-173.572573993
1449,-174.724864181
1450,-175.931072485
1451,-175.288889075
1452,-175.49462582
1453,-174.769495696
1454,-164.614602023
1455,-173.434402292
1456,-175.276454201
1457,-174.935950404
1458,-140.919602974
1459,-173.677156102
1460,-174.43656976
1461,-169.705914865
1462,-173.46083121
1463,-174.969572711
1464,-164.649825067
1465,-175.228336683
1466,-152.545673056
1467,-175.903522167
1468,-146.213361151
1469,-174.1057971
1470,-175.382673057
1471,-173.651454303
1472,-172.729644659
1473,-173.096152119
1474,-174.286828061
1475,-173.412003391
1476,-172.384710515
1477,-175.077242099
1478,-176.064860954
1479,-174.722574476
1480,-174.872541501
1481,-174.331448819
1482,-172.926099609
1483,-174.230879603
1484,-172.733027655
1485,-172.667155556
1486,-174.438853434
1487,-171.614931492
1488,-164.146575375
1489,-173.954871165
1490,-175.119938083
1491,-174.79717711
1492,-175.158488053
1493,-175.015345458
1494,-152.772178672
1495,-167.126647115
1496,-176.592229718
1497,-174.652405989
1498,-174.626996455
1499,-174.946032332
1500,-135.44282797
1501,-167.173788395
1502,-174.872632861
1503,-174.439355344
1504,-175.83671074
1505,-175.679567935
1506,-175.191331056
1507,-164.515712482
1508,-174.965238915
1509,-174.06363156
1510,-175.454385001
1511,-174.090716182
1512,-175.37307848
1513,-147.102156884
1514,-172.25747214
1515,-174.782290778
1516,-175.56295003
1517,-172.539393846
1518,-174.14040138
1519,-174.311105228
1520,-173.255036257
1521,-173.738353211
1522,-174.270645415
1523,-164.662103504
1524,-175.083175733
1525,-173.972913913
1526,-174.876683498
1527,-175.398743984
1528,-174.486021743
1529,-171.363829763
1530,-173.730180701
1531,-173.923560849
1532,-174.275370313
1533,-174.266174046
1534,-174.433603209
1535,-174.128239129
1536,-174.135053044
1537,-173.547537239
1538,-174.224186466
1539,-172.430670584
1540,-121.135144878
1541,-174.646759067
1542,-175.483919133
1543,-175.579526723
1544,-174.514926927
1545,-173.651612233
1546,-174.896202686
1547,-171.758368375
1548,-172.661974651
1549,-175.024710821
1550,-173.09585962
1551,-174.63176872
1552,-175.450398179
1553,-174.989702354
1554,-174.606089139
1555,-175.051975796
1556,-173.216349728
1557,-172.797325311
1558,-173.134191078
1559,-173.240868355
1560,-175.494868429
1561,-175.404687984
1562,-173.313411117
1563,-173.493315617
1564,-132.957285996
1565,-173.160601471
1566,-175.090626378
1567,-175.487207163
1568,-174.809374131
1569,-175.551829724
1570,-189.198526755
1571,-172.582068396
1572,-174.447676131
1573,-173.842035295
1574,-175.809281515
1575,-175.396383426
1576,-152.43816501
1577,-36.5178794165
1578,-13.0827694
1579,-46.7227096073
1580,-118.022506362
1581,-175.82077982
1582,-172.860040542
1583,-169.523516617
1584,-47.8581496823
1585,-174.990177825
1586,-172.414355328
1587,-175.236172031
1588,-174.797731783
1589,-175.968828859
1590,-173.227927864
1591,-149.310038618
1592,-175.480404461
1593,-174.180403885
1594,-172.752322256
1595,-175.350087096
1596,-173.879206267
1597,-169.249517515
1598,-1.26386923661
1599,-22.8136990075
1600,-23.3768480207
1601,-20.5416412048
1602,-44.6047036492
1603,-49.1745216663
1604,-55.3104197387
1605,-1.08761033169
1606,-141.407581152
1607,-29.3441048169
1608,-175.424486966
1609,-175.811468713
1610,-174.595883309
1611,-172.306022548
1612,-174.604242776
1613,-175.88934243
1614,-25.4634325651
1615,-6.84766814573
1616,-30.893771111
1617,-161.935338278
1618,-174.822066153
1619,-172.941951432
1620,-171.666535477
1621,-173.872605402
1622,-175.184101534
1623,-174.609442476
1624,-174.732762243
1625,-172.994680405
1626,-172.435311348
1627,-175.224220456
1628,-175.699272054
1629,-172.922131514
1630,-172.793761365
1631,-174.810511964
1632,-149.587418454
1633,-173.159876737
1634,-174.426984049
1635,-175.488382585
1636,-174.161336935
1637,-174.301924764
1638,-175.405849469
1639,-152.772066908
1640,-152.131806874
1641,-174.909865988
1642,-175.71641774
1643,-176.068598373
1644,-175.84784496
1645,-46.0401359662
1646,-14.7539313986
1647,-20.4294439978
1648,-174.237309351
1649,-172.575481738
1650,-173.691340301
1651,-175.027694924
1652,-83.4274414301
1653,-80.0523611884
1654,-175.036476445
1655,-174.711314889
1656,-63.696971789
1657,-31.5425648183
1658,-31.4078519972
1659,-174.900248526
1660,-172.663746251
1661,-174.280533102
1662,-174.135544077
1663,-175.202271747
1664,-174.323848125
1665,-174.661011763
1666,-171.28868055
1667,-172.483402837
1668,-169.581701648
1669,-174.573854661
1670,-172.554434055
1671,-175.192225944
1672,-175.228958189
1673,-172.622780726
1674,-147.439454881
1675,-14.592966735
1676,-8.10918064756
1677,-163.892218458
1678,-174.065783026
1679,-172.613735286
1680,-175.649847834
1681,-173.418397264
1682,-173.495363957
1683,-172.765097746
1684,-170.159195076
1685,-171.34418626
1686,-174.447695292
1687,-170.711343423
1688,-173.580935381
1689,-175.105925942
1690,-175.824233184
1691,-172.476810121
1692,-175.416019719
1693,-172.482887833
1694,-174.363325606
1695,-171.555630866
1696,-174.873122391
1697,-12.2065724347
1698,-4.70021335963
1699,-4.2994462089
1700,-4.51926415079
1701,-4.30532006925
1702,-4.62778741398
1703,-3.61436572888
1704,-4.00582662244
1705,-4.06939478101
1706,-4.59150347495
1707,-4.149600331
1708,-4.86304215352
1709,-124.650327475
1710,-4.43847920572
1711,-87.7490125958
1712,-108.437738029
1713,-172.934006199
1714,-173.098349301
1715,-176.143026517
1716,-174.2245048
1717,-167.172602997
1718,-175.754094158
1719,-173.815659625
1720,-176.127045677
1721,-176.099026385
1722,-14.8520171965
1723,-166.477771451
1724,-174.502161835
1725,-175.346852542
1726,-171.541961512
1727,-167.535609106
1728,-174.339254286
1729,-175.180264704
1730,-174.201034612
1731,-174.858733444
1732,-174.085978879
1733,-175.323739784
1734,-174.773692238
1735,-174.736300174
1736,-175.693466839
1737,-173.299333712
1738,-175.138440157
1739,-174.83419664
1740,-173.522312464
1741,-149.886341197
1742,-175.417856001
1743,-173.828977286
1744,-173.040218036
1745,-172.116235276
1746,-129.48196105
1747,-174.282877677
1748,-175.672380504
1749,-174.908557796
1750,-176.417642281
1751,-173.180731737
1752,-175.048278545
1753,-175.469027132
1754,-174.298452901
1755,-173.056101091
1756,-175.086376141
1757,-174.189075664
1758,-155.362813813
1759,-172.999460499
1760,-174.792242812
1761,-172.562272687
1762,-118.141808016
1763,-174.173948099
1764,-172.906887435
1765,-174.644049805
1766,-173.824913247
1767,-175.243089086
1768,-172.961771935
1769,-155.403658977
1770,-173.400686551
1771,-175.194684306
1772,-173.876851843
1773,-173.424492569
1774,-160.723478259
1775,-174.766706346
1776,-175.160088017
1777,-175.432771032
1778,-146.275199471
1779,-175.467315659
1780,-174.649422921
1781,-174.205555136
1782,-173.505657454
1783,-164.072836648
1784,-173.665233627
1785,-174.291138981
1786,-173.457579666
1787,-174.37991888
1788,-175.886770985
1789,-174.626067903
1790,-175.060310895
1791,-174.291309017
1792,-174.655844177
1793,-174.181244945
1794,-173.0009074
1795,-174.91392334
1796,-173.752602618
1797,-176.454808875
1798,-174.70336532
1799,-171.621280832
1800,-155.428389834
1801,-172.184918649
1802,-172.287018738
1803,-173.79615088
1804,-175.192731962
1805,-180.998344458
1806,-10.7869410831
1807,-19.8420433432
1808,-3.9531719559
1809,-19.6944430011
1810,-114.728669592
1811,-159.230603721
1812,-144.679465457
1813,-24.0920682917
1814,-42.188118868
1815,-28.8912003186
1816,-4.52093385733
1817,-174.985144219
1818,-190.402917909
1819,-10.3218313732
1820,-12.6064714549
1821,-10.0198895185
1822,-3.98956296885
1823,-4.082853909
1824,-3.44993506276
1825,-107.260010009
1826,-180.496110142
1827,-43.7799692581
1828,-18.6848785931
1829,-22.5815885987
1830,-183.604858567
1831,-183.44282211
1832,-27.4528763128
1833,-22.8828459671
1834,-19.9383448462
1835,-24.9584226514
1836,-25.3291168264
1837,-183.455707604
1838,-19.0338870798
1839,-22.6415728104
1840,-22.707764907
1841,-22.9524962105
1842,-25.7622565265
1843,-19.2507739732
1844,-19.3259230881
1845,-18.8334630318
1846,-10.2949528247
1847,-178.141346305
1848,-4.43157538789
1849,-3.97073423812
1850,-5.07887868381
1851,-4.15624220995
1852,-4.01265865392
1853,-4.38917134803
1854,-4.53983936679
1855,-4.62116043179
1856,-4.34088881585
1857,-4.26840265997
1858,-4.01153282672
1859,-3.82385907233
1860,-4.1686763269
1861,-3.81314988375
1862,-4.4669551994
1863,-3.73073272923
1864,-4.83482175567
1865,-4.23575457457
1866,-11.2947498981
1867,-4.6324195114
1868,-4.04910853013
1869,-4.56912994781
1870,-4.51534194295
1871,-3.62009808294
1872,-21.5053365505
1873,-9.21211592979
1874,-70.5615627232
1875,-50.7694968837
1876,-25.1428583443
1877,-22.8992049439
1878,-18.1771261714
1879,-25.2979181307
1880,-19.2442569512
1881,-19.0647179795
1882,-19.5881298878
1883,-22.447904442
1884,-22.7375517141
1885,-17.7752123005
1886,-20.4699988393
1887,-25.2668457702
1888,-18.8024229767
1889,-18.9843548007
1890,-19.1462062461
1891,-19.3928839025
1892,-15.8599219995
1893,-19.1759008156
1894,-18.546284878
1895,-18.6817618355
1896,-19.1128982621
1897,-18.5733557831
1898,-18.8367275103
1899,-18.91449796
1900,-16.2582586969
1901,-19.1243520495
1902,-15.1907035564
1903,-18.9803503704
1904,-186.836158704
1905,-13.2021347841
1906,-16.8280629008
1907,-16.3502165578
1908,-26.2708702215
1909,-8.17988622042
1910,-4.17244061986
1911,-22.6178433345
1912,-16.8647231077
1913,-16.857031078
1914,-16.2565481846
1915,-20.0995883893
1916,-19.2750816468
1917,-159.554212072
1918,-17.1453903729
1919,-11.1973494778
1920,-12.9995228102
1921,-16.3383179772
1922,-17.0158449198
1923,-16.6764397505
1924,-13.0335325134
1925,-18.5520853106
1926,-22.6782666742
1927,-20.0923119737
1928,-187.392840231
1929,-4.50156404189
1930,-4.15925877556
1931,-83.3157324327
1932,-172.693680328
1933,-4.00649882217
1934,-4.02718070882
1935,-11.1902896652
1936,-10.3421154373
1937,-11.5221129635
1938,-16.6711777072
1939,-16.8609957882
1940,-16.3724008565
1941,-6.27111253714
1942,-80.7692937693
1943,-52.4110992988
1944,-3.67498516235
1945,-4.66107994095
1946,-4.45224430289
1947,-4.04862775418
1948,-3.86355368489
1949,-185.43337182
1950,-4.26903546498
1951,-4.08759603493
1952,-12.6237106265
1953,-12.6134999147
1954,-16.9533344638
1955,-11.6300344787
1956,-3.83503431404
1957,-4.18293306064
1958,-12.9721500402
1959,-86.7878961551
1960,-8.773036725
1961,-174.044655059
1962,-174.126633811
1963,-79.4641715251
1964,-175.356399485
1965,-173.805481302
1966,-174.476335674
1967,-6.54693169299
1968,-175.328748698
1969,-174.532594281
1970,-171.801285508
1971,-173.080309116
1972,-171.108978804
1973,-175.786975769
1974,-173.462016875
1975,-172.256782528
1976,-172.476529911
1977,-173.565775554
1978,-11.7184419707
1979,-3.57547902804
1980,-19.7791405945
1981,-178.78698449
1982,-4.30563236274
1983,-10.5830531737
1984,-4.79861476604
1985,-4.26281527128
1986,-16.964873341
1987,-6.95252621063
1988,-4.14866230203
1989,-4.22194871647
1990,-3.86941976167
1991,-14.7419240979
1992,-4.18893031786
1993,-3.49064948209
1994,-4.2342879387
1995,-4.42580554227
1996,-44.6644079503
1997,-36.7697354023
1998,-12.4797447378
1999,-4.88772308327
2000,-3.87268263961
